0 22788.000000
1 3298.000000
2 2418.000000
3 46008.000000
4 23963.000000
5 22943.000000
6 23314.000000
7 22999.000000
8 22857.000000
9 22957.000000
10 22882.000000
11 22912.000000
12 22916.000000
13 23397.000000
14 23282.000000
15 22865.000000
16 23420.000000
17 23211.000000
18 23301.000000
19 22940.000000
20 23403.000000
21 22881.000000
22 22876.000000
23 23847.000000
24 22975.000000
25 22783.000000
26 22833.000000
27 22963.000000
28 27718.000000
29 23244.000000
30 22890.000000
31 22855.000000
32 23101.000000
33 23658.000000
34 23021.000000
35 23002.000000
36 22910.000000
37 23038.000000
38 23207.000000
39 23329.000000
40 24058.000000
41 23129.000000
42 23045.000000
43 23081.000000
44 32894.000000
45 24786.000000
46 24328.000000
47 24119.000000
48 24061.000000
49 24066.000000
50 24457.000000
51 24710.000000
52 24520.000000
53 24499.000000
54 24336.000000
55 24317.000000
56 24206.000000
57 24226.000000
58 24686.000000
59 24215.000000
60 24108.000000
61 24363.000000
62 24441.000000
63 24017.000000
64 24247.000000
65 24269.000000
66 24662.000000
67 24626.000000
68 24291.000000
69 24381.000000
70 24460.000000
71 24350.000000
72 24546.000000
73 24384.000000
74 24293.000000
75 24586.000000
76 24559.000000
77 24435.000000
78 24202.000000
79 15818.000000
80 7536.000000
81 4253.000000
82 3520.000000
83 2209.000000
84 5224.000000
85 3505.000000
86 2208.000000
87 2222.000000
88 2171.000000
89 4255.000000
90 3536.000000
91 4973.000000
92 3649.000000
93 4471.000000
94 3469.000000
95 3356.000000
96 3340.000000
97 3318.000000
98 3347.000000
99 3413.000000
100 3356.000000
101 3326.000000
102 3371.000000
103 3422.000000
104 3475.000000
105 3369.000000
106 3349.000000
107 3428.000000
108 3734.000000
109 3384.000000
110 3405.000000
111 3274.000000
112 3342.000000
113 3336.000000
114 3371.000000
115 8189.000000
116 4095.000000
117 4235.000000
118 4278.000000
119 3922.000000
120 3951.000000
121 4000.000000
122 3995.000000
123 4127.000000
124 3523.000000
125 3300.000000
126 3293.000000
127 3322.000000
128 3335.000000
129 3498.000000
130 3380.000000
131 3334.000000
132 3406.000000
133 3351.000000
134 3387.000000
135 3337.000000
136 3294.000000
137 3294.000000
138 3289.000000
139 3335.000000
140 3311.000000
141 3317.000000
142 3569.000000
143 3358.000000
144 3353.000000
145 3293.000000
146 3333.000000
147 3290.000000
148 3300.000000
149 3362.000000
150 3511.000000
151 3398.000000
152 3320.000000
153 3322.000000
154 3495.000000
155 3340.000000
156 3318.000000
157 3330.000000
158 3323.000000
159 3342.000000
160 3325.000000
161 3344.000000
162 3295.000000
163 3358.000000
164 3373.000000
165 3303.000000
166 3307.000000
167 3333.000000
168 3402.000000
169 3444.000000
170 3309.000000
171 3464.000000
172 3346.000000
173 3289.000000
174 3315.000000
175 3293.000000
176 3287.000000
177 3314.000000
178 3358.000000
179 3345.000000
180 3342.000000
181 3324.000000
182 3295.000000
183 3311.000000
184 3282.000000
185 3336.000000
186 3264.000000
187 3311.000000
188 3282.000000
189 3305.000000
190 3273.000000
191 3336.000000
192 3442.000000
193 3367.000000
194 3304.000000
195 3315.000000
196 3334.000000
197 3280.000000
198 3307.000000
199 3280.000000
200 3313.000000
201 3307.000000
202 3582.000000
203 3406.000000
204 3284.000000
205 3282.000000
206 3333.000000
207 3400.000000
208 3422.000000
209 3334.000000
210 3287.000000
211 3280.000000
212 3363.000000
213 3564.000000
214 3384.000000
215 3302.000000
216 3249.000000
217 3340.000000
218 3391.000000
219 3267.000000
220 3269.000000
221 3204.000000
222 3306.000000
223 3264.000000
224 3284.000000
225 3331.000000
226 3389.000000
227 3320.000000
228 3323.000000
229 3284.000000
230 3269.000000
231 3466.000000
232 3377.000000
233 3309.000000
234 3533.000000
235 3364.000000
236 3285.000000
237 3285.000000
238 3269.000000
239 3325.000000
240 3293.000000
241 3251.000000
242 3226.000000
243 3258.000000
244 18035.000000
245 2467.000000
246 2109.000000
247 2082.000000
248 3771.000000
249 3464.000000
250 3510.000000
251 3487.000000
252 3389.000000
253 3393.000000
254 3335.000000
255 3874.000000
256 3464.000000
257 3269.000000
258 5713.000000
259 4551.000000
260 4204.000000
261 4111.000000
262 4033.000000
263 4009.000000
264 4116.000000
265 4083.000000
266 3991.000000
267 4022.000000
268 4054.000000
269 4006.000000
270 4033.000000
271 2211.000000
272 4042.000000
273 4233.000000
274 3991.000000
275 4162.000000
276 4271.000000
277 4011.000000
278 4065.000000
279 4188.000000
280 4296.000000
281 4077.000000
282 4009.000000
283 4049.000000
284 4095.000000
285 4137.000000
286 4595.000000
287 4133.000000
288 4154.000000
289 4011.000000
290 2198.000000
291 3476.000000
292 3411.000000
293 3378.000000
294 3436.000000
295 3880.000000
296 3433.000000
297 3491.000000
298 3293.000000
299 3366.000000
300 3347.000000
301 4029.000000
302 4140.000000
303 4205.000000
304 4084.000000
305 4135.000000
306 4013.000000
307 3995.000000
308 3998.000000
309 4131.000000
310 3991.000000
311 4037.000000
312 3956.000000
313 3986.000000
314 4066.000000
315 4255.000000
316 4093.000000
317 3980.000000
318 4229.000000
319 4080.000000
320 3944.000000
321 4078.000000
322 4026.000000
323 2213.000000
324 3360.000000
325 3671.000000
326 3391.000000
327 3320.000000
328 3342.000000
329 3322.000000
330 3298.000000
331 3360.000000
332 3345.000000
333 3422.000000
334 3366.000000
335 3404.000000
336 3330.000000
337 3287.000000
338 3353.000000
339 3442.000000
340 3351.000000
341 3393.000000
342 3313.000000
343 3363.000000
344 3289.000000
345 3309.000000
346 3307.000000
347 3311.000000
348 3295.000000
349 3487.000000
350 3335.000000
351 3298.000000
352 3262.000000
353 3340.000000
354 3288.000000
355 3343.000000
356 3289.000000
357 3329.000000
358 3345.000000
359 3325.000000
360 3826.000000
361 3378.000000
362 3324.000000
363 3300.000000
364 3322.000000
365 3313.000000
366 3387.000000
367 3369.000000
368 3327.000000
369 3314.000000
370 3500.000000
371 3297.000000
372 3304.000000
373 3526.000000
374 3358.000000
375 3282.000000
376 3353.000000
377 4375.000000
378 4186.000000
379 4449.000000
380 4075.000000
381 4569.000000
382 4124.000000
383 4118.000000
384 4013.000000
385 4069.000000
386 3958.000000
387 4055.000000
388 4058.000000
389 4096.000000
390 4096.000000
391 2189.000000
392 4033.000000
393 3998.000000
394 3994.000000
395 4195.000000
396 3598.000000
397 3551.000000
398 3469.000000
399 3389.000000
400 3483.000000
401 3356.000000
402 3524.000000
403 3368.000000
404 3343.000000
405 3377.000000
406 3327.000000
407 3287.000000
408 3284.000000
409 3444.000000
410 3414.000000
411 3348.000000
412 3271.000000
413 3371.000000
414 3340.000000
415 3382.000000
416 3323.000000
417 3291.000000
418 3356.000000
419 3384.000000
420 3322.000000
421 3326.000000
422 3306.000000
423 4368.000000
424 3467.000000
425 3378.000000
426 3297.000000
427 3322.000000
428 3269.000000
429 3395.000000
430 3236.000000
431 3403.000000
432 3395.000000
433 3333.000000
434 3353.000000
435 3343.000000
436 3376.000000
437 3344.000000
438 3304.000000
439 3378.000000
440 3380.000000
441 3336.000000
442 3310.000000
443 3274.000000
444 5212.000000
445 4225.000000
446 4180.000000
447 4184.000000
448 3922.000000
449 2195.000000
450 2149.000000
451 3889.000000
452 4002.000000
453 2208.000000
454 4411.000000
455 3882.000000
456 4133.000000
457 4769.000000
458 3924.000000
459 7016.000000
460 2311.000000
461 2085.000000
462 4755.000000
463 4605.000000
464 3886.000000
465 4184.000000
466 4062.000000
467 3918.000000
468 4202.000000
469 3991.000000
470 3887.000000
471 4075.000000
472 3947.000000
473 3884.000000
474 3944.000000
475 3995.000000
476 4031.000000
477 4031.000000
478 3967.000000
479 3911.000000
480 4080.000000
481 4091.000000
482 4059.000000
483 3933.000000
484 3889.000000
485 3871.000000
486 4164.000000
487 3956.000000
488 3896.000000
489 3927.000000
490 4113.000000
491 4113.000000
492 3971.000000
493 3978.000000
494 4006.000000
495 3987.000000
496 4002.000000
497 4080.000000
498 3937.000000
499 3883.000000
500 3947.000000
501 3820.000000
502 3878.000000
503 3909.000000
504 3862.000000
505 4002.000000
506 3928.000000
507 4035.000000
508 4056.000000
509 3944.000000
510 4502.000000
511 4091.000000
512 3873.000000
513 3924.000000
514 5051.000000
515 5529.000000
516 4686.000000
517 4083.000000
518 4516.000000
519 3976.000000
520 3974.000000
521 3987.000000
522 4015.000000
523 4182.000000
524 4051.000000
525 4133.000000
526 4064.000000
527 4140.000000
528 4866.000000
529 4118.000000
530 3949.000000
531 3982.000000
532 4291.000000
533 3951.000000
534 3991.000000
535 3914.000000
536 2198.000000
537 4015.000000
538 4084.000000
539 4242.000000
540 4065.000000
541 4026.000000
542 3984.000000
543 4020.000000
544 3982.000000
545 4080.000000
546 3995.000000
547 4064.000000
548 4098.000000
549 4322.000000
550 4011.000000
551 4051.000000
552 3947.000000
553 4042.000000
554 3985.000000
555 4055.000000
556 3964.000000
557 4038.000000
558 3982.000000
559 4011.000000
560 3896.000000
561 4191.000000
562 3929.000000
563 3991.000000
564 3993.000000
565 3922.000000
566 3971.000000
567 4005.000000
568 3991.000000
569 3966.000000
570 4191.000000
571 3996.000000
572 4005.000000
573 4007.000000
574 4062.000000
575 3962.000000
576 4005.000000
577 4051.000000
578 4013.000000
579 3989.000000
580 4056.000000
581 4080.000000
582 3987.000000
583 3993.000000
584 3965.000000
585 3998.000000
586 3953.000000
587 4077.000000
588 3978.000000
589 4009.000000
590 4015.000000
591 4159.000000
592 4136.000000
593 3929.000000
594 4022.000000
595 4011.000000
596 3977.000000
597 3982.000000
598 3964.000000
599 3962.000000
600 4022.000000
601 3991.000000
602 4005.000000
603 4016.000000
604 4059.000000
605 4025.000000
606 4051.000000
607 3986.000000
608 3953.000000
609 4046.000000
610 4027.000000
611 4249.000000
612 4520.000000
613 4086.000000
614 4102.000000
615 4155.000000
616 4042.000000
617 4026.000000
618 4038.000000
619 4138.000000
620 4082.000000
621 4035.000000
622 4025.000000
623 4158.000000
624 4035.000000
625 4155.000000
626 4886.000000
627 2324.000000
628 4369.000000
629 2182.000000
630 3958.000000
631 4002.000000
632 4049.000000
633 4520.000000
634 4233.000000
635 3998.000000
636 4053.000000
637 4020.000000
638 3973.000000
639 3960.000000
640 4038.000000
641 3989.000000
642 4080.000000
643 4054.000000
644 4100.000000
645 4002.000000
646 3965.000000
647 4098.000000
648 4177.000000
649 4130.000000
650 4120.000000
651 4025.000000
652 4069.000000
653 4035.000000
654 4238.000000
655 4049.000000
656 4193.000000
657 4080.000000
658 4080.000000
659 4074.000000
660 4131.000000
661 4087.000000
662 3973.000000
663 4162.000000
664 4044.000000
665 4100.000000
666 3953.000000
667 3995.000000
668 3987.000000
669 3978.000000
670 3975.000000
671 4133.000000
672 4069.000000
673 3677.000000
674 4184.000000
675 3995.000000
676 3982.000000
677 3988.000000
678 4273.000000
679 4044.000000
680 3857.000000
681 3920.000000
682 3954.000000
683 3944.000000
684 3915.000000
685 3867.000000
686 3845.000000
687 3924.000000
688 3940.000000
689 3891.000000
690 3967.000000
691 3875.000000
692 4007.000000
693 3922.000000
694 3956.000000
695 3951.000000
696 4160.000000
697 3971.000000
698 3962.000000
699 3855.000000
700 3962.000000
701 4013.000000
702 3920.000000
703 3909.000000
704 4011.000000
705 3911.000000
706 4162.000000
707 3906.000000
708 4020.000000
709 3942.000000
710 3891.000000
711 3816.000000
712 3889.000000
713 3889.000000
714 3894.000000
715 3905.000000
716 4000.000000
717 4226.000000
718 4078.000000
719 3973.000000
720 3966.000000
721 3833.000000
722 3867.000000
723 4000.000000
724 4027.000000
725 3920.000000
726 3927.000000
727 4027.000000
728 3964.000000
729 4002.000000
730 3888.000000
731 3965.000000
732 3991.000000
733 4000.000000
734 4053.000000
735 3987.000000
736 3955.000000
737 4027.000000
738 4146.000000
739 3871.000000
740 3876.000000
741 3904.000000
742 3922.000000
743 3850.000000
744 3849.000000
745 3842.000000
746 3853.000000
747 3827.000000
748 3936.000000
749 3918.000000
750 4296.000000
751 3942.000000
752 4031.000000
753 3911.000000
754 3946.000000
755 4045.000000
756 3867.000000
757 3887.000000
758 3955.000000
759 2871.000000
760 4389.000000
761 4015.000000
762 3919.000000
763 3902.000000
764 3878.000000
765 3907.000000
766 3982.000000
767 3966.000000
768 4205.000000
769 4049.000000
770 4913.000000
771 5565.000000
772 4033.000000
773 4189.000000
774 4080.000000
775 3883.000000
776 3895.000000
777 3871.000000
778 3936.000000
779 3862.000000
780 4349.000000
781 3947.000000
782 4032.000000
783 3953.000000
784 3876.000000
785 3958.000000
786 3926.000000
787 4158.000000
788 4168.000000
789 3995.000000
790 4011.000000
791 4107.000000
792 4049.000000
793 4042.000000
794 4065.000000
795 4055.000000
796 4038.000000
797 3975.000000
798 4180.000000
799 3953.000000
800 4067.000000
801 4185.000000
802 3997.000000
803 4062.000000
804 4077.000000
805 3980.000000
806 4089.000000
807 4142.000000
808 4029.000000
809 4033.000000
810 4011.000000
811 4018.000000
812 4005.000000
813 4031.000000
814 4065.000000
815 4060.000000
816 4056.000000
817 4033.000000
818 4000.000000
819 4140.000000
820 4131.000000
821 4051.000000
822 4277.000000
823 4155.000000
824 4040.000000
825 4069.000000
826 4136.000000
827 4085.000000
828 2265.000000
829 4091.000000
830 4034.000000
831 4058.000000
832 2245.000000
833 4035.000000
834 4025.000000
835 4238.000000
836 4058.000000
837 3975.000000
838 4153.000000
839 4135.000000
840 4004.000000
841 4043.000000
842 4006.000000
843 4165.000000
844 4137.000000
845 4078.000000
846 4036.000000
847 4780.000000
848 4080.000000
849 3982.000000
850 3984.000000
851 4076.000000
852 3900.000000
853 4069.000000
854 4127.000000
855 4036.000000
856 4024.000000
857 3940.000000
858 3998.000000
859 4038.000000
860 4114.000000
861 4033.000000
862 3974.000000
863 4033.000000
864 281725.000000
865 6178.000000
866 4223.000000
867 4102.000000
868 4234.000000
869 4126.000000
870 4062.000000
871 4182.000000
872 4084.000000
873 4084.000000
874 3960.000000
875 4035.000000
876 4040.000000
877 4058.000000
878 4033.000000
879 4158.000000
880 4084.000000
881 3993.000000
882 4122.000000
883 4102.000000
884 3980.000000
885 4356.000000
886 4099.000000
887 4029.000000
888 4036.000000
889 3951.000000
890 4011.000000
891 4035.000000
892 3982.000000
893 3963.000000
894 3980.000000
895 4026.000000
896 3971.000000
897 2206.000000
898 4082.000000
899 4200.000000
900 4049.000000
901 4007.000000
902 3967.000000
903 4062.000000
904 3953.000000
905 4118.000000
906 4118.000000
907 3989.000000
908 4067.000000
909 4011.000000
910 4024.000000
911 3989.000000
912 3955.000000
913 4045.000000
914 3980.000000
915 3947.000000
916 4038.000000
917 3924.000000
918 4034.000000
919 3991.000000
920 4049.000000
921 4015.000000
922 5177.000000
923 4122.000000
924 3978.000000
925 3980.000000
926 3994.000000
927 4074.000000
928 3999.000000
929 4033.000000
930 2242.000000
931 4013.000000
932 4051.000000
933 4096.000000
934 4033.000000
935 4953.000000
936 5378.000000
937 2248.000000
938 3998.000000
939 4154.000000
940 4040.000000
941 4038.000000
942 4128.000000
943 4068.000000
944 4011.000000
945 4042.000000
946 4038.000000
947 4016.000000
948 4047.000000
949 4089.000000
950 4038.000000
951 4046.000000
952 4002.000000
953 4000.000000
954 5578.000000
955 5107.000000
956 4147.000000
957 4074.000000
958 4013.000000
959 4022.000000
960 4022.000000
961 4031.000000
962 4047.000000
963 3996.000000
964 4038.000000
965 4135.000000
966 4205.000000
967 4096.000000
968 4044.000000
969 4213.000000
970 4053.000000
971 4136.000000
972 4653.000000
973 4084.000000
974 4136.000000
975 4100.000000
976 4103.000000
977 4080.000000
978 3980.000000
979 4037.000000
980 4015.000000
981 4012.000000
982 4529.000000
983 4118.000000
984 4076.000000
985 4180.000000
986 4320.000000
987 4044.000000
988 3995.000000
989 4011.000000
990 2311.000000
991 3627.000000
992 3867.000000
993 3487.000000
994 3396.000000
995 3389.000000
996 3335.000000
997 3367.000000
998 3351.000000
999 3357.000000
